0 -44 12.5307 0.0235209
1 -40 15.0142 0.0257464
2 -36 17.5418 0.0278294
3 -32 20.0233 0.0297327
4 -28 22.3207 0.0313921
5 -24 24.4961 0.0328862
6 -20 26.3748 0.034124
7 -16 28.2198 0.0352974
8 -12 29.9368 0.0363554
9 -8 31.3194 0.0371854
10 -4 32.4848 0.0378709
11 0 33.0589 0.0382041
12 4 32.5362 0.0379009
13 8 31.3556 0.0372069
14 12 29.84 0.0362965
15 16 28.2319 0.035305
16 20 26.4568 0.034177
17 24 24.4548 0.0328585
18 28 22.3726 0.0314286
19 32 20.0632 0.0297623
20 36 17.5894 0.027867
21 40 15.0485 0.0257758
22 44 12.5382 0.0235279
23 6.95277e-310 1.04511e-316 0
