0 -44 2.2932 0.0100621
1 -40 3.09709 0.0116934
2 -36 3.86993 0.0130713
3 -32 4.59678 0.014246
4 -28 5.26124 0.0152409
5 -24 5.87881 0.0161106
6 -20 6.43969 0.0168616
7 -16 7.01417 0.0175976
8 -12 7.44331 0.018128
9 -8 7.89925 0.0186749
10 -4 8.22009 0.0190504
11 0 8.40071 0.0192586
12 4 8.24446 0.0190786
13 8 7.89841 0.0186739
14 12 7.45347 0.0181403
15 16 6.96804 0.0175397
16 20 6.48949 0.0169267
17 24 5.8966 0.0161349
18 28 5.26834 0.0152512
19 32 4.57302 0.0142091
20 36 3.85982 0.0130542
21 40 3.11634 0.0117297
22 44 2.30861 0.0100958
23 6.95269e-310 1.83357e-316 0
