0 -44 1.49453 0.00812302
1 -40 1.99638 0.00938831
2 -36 2.49126 0.0104876
3 -32 2.95152 0.0114153
4 -28 3.37581 0.0122083
5 -24 3.82296 0.0129917
6 -20 4.21227 0.0136372
7 -16 4.57938 0.014219
8 -12 4.93792 0.0147652
9 -8 5.25598 0.0152333
10 -4 5.56283 0.0156716
11 0 5.67395 0.0158274
12 4 5.5634 0.0156724
13 8 5.26424 0.0152452
14 12 4.94698 0.0147787
15 16 4.57417 0.0142109
16 20 4.19965 0.0136167
17 24 3.79479 0.0129437
18 28 3.38344 0.0122221
19 32 2.9464 0.0114054
20 36 2.48971 0.0104843
21 40 1.99077 0.00937512
22 44 1.49757 0.00813129
23 6.95286e-310 1.02985e-316 0
