0 -44 1.85558 0.0090512
1 -40 2.47616 0.0104557
2 -36 3.09585 0.0116911
3 -32 3.65046 0.0126952
4 -28 4.21082 0.0136348
5 -24 4.73263 0.014455
6 -20 5.17726 0.0151188
7 -16 5.64331 0.0157846
8 -12 6.04764 0.0163403
9 -8 6.44839 0.016873
10 -4 6.73148 0.0172394
11 0 6.90194 0.0174563
12 4 6.77453 0.0172944
13 8 6.43881 0.0168604
14 12 6.07121 0.0163721
15 16 5.6513 0.0157957
16 20 5.20035 0.0151524
17 24 4.70706 0.0144159
18 28 4.21722 0.0136452
19 32 3.67042 0.0127299
20 36 3.07806 0.0116575
21 40 2.4755 0.0104544
22 44 1.8596 0.009061
23 6.95311e-310 1.10905e-316 0
