0 -44 10.186 0.0212065
1 -40 12.1274 0.0231392
2 -36 14.1029 0.0249529
3 -32 16.043 0.0266139
4 -28 17.817 0.0280468
5 -24 19.5577 0.0293849
6 -20 21.1788 0.0305785
7 -16 22.5746 0.0315701
8 -12 24.0262 0.0325693
9 -8 25.2959 0.0334188
10 -4 26.3294 0.0340947
11 0 26.733 0.034355
12 4 26.3733 0.0341231
13 8 25.2414 0.0333828
14 12 24.0221 0.0325665
15 16 22.6463 0.0316202
16 20 21.124 0.030539
17 24 19.5249 0.0293603
18 28 17.7776 0.0280157
19 32 16.0279 0.0266014
20 36 14.097 0.0249476
21 40 12.0789 0.023093
22 44 10.1571 0.0211764
23 6.95304e-310 1.55694e-316 0
