0 -44 15.62 0.0262607
1 -40 18.9111 0.0288951
2 -36 22.208 0.0313127
3 -32 25.1986 0.0333545
4 -28 28.2385 0.0353091
5 -24 30.917 0.0369458
6 -20 33.346 0.0383697
7 -16 35.5778 0.0396329
8 -12 37.2932 0.0405771
9 -8 39.038 0.0415155
10 -4 40.3719 0.0422187
11 0 41.0961 0.0425957
12 4 40.4071 0.0422371
13 8 39.0919 0.0415441
14 12 37.4747 0.0406757
15 16 35.4458 0.0395593
16 20 33.3328 0.038362
17 24 30.9045 0.0369383
18 28 28.209 0.0352906
19 32 25.2801 0.0334084
20 36 22.1418 0.031266
21 40 18.8875 0.0288771
22 44 15.6283 0.0262676
23 6.95323e-310 1.05609e-316 0
